(kicad_pcb (version 20171130) (host pcbnew "(5.1.10)-1")

  (general
    (thickness 1.6)
    (drawings 0)
    (tracks 449)
    (zones 0)
    (modules 131)
    (nets 179)
  )

  (page A4)
  (layers
    (0 F.Cu signal)
    (1 In1.Cu signal)
    (2 In2.Cu signal)
    (31 B.Cu signal)
    (32 B.Adhes user)
    (33 F.Adhes user)
    (34 B.Paste user)
    (35 F.Paste user)
    (36 B.SilkS user hide)
    (37 F.SilkS user hide)
    (38 B.Mask user)
    (39 F.Mask user)
    (40 Dwgs.User user hide)
    (41 Cmts.User user)
    (42 Eco1.User user)
    (43 Eco2.User user)
    (44 Edge.Cuts user)
    (45 Margin user)
    (46 B.CrtYd user)
    (47 F.CrtYd user)
    (48 B.Fab user hide)
    (49 F.Fab user hide)
  )

  (setup
    (last_trace_width 0.25)
    (user_trace_width 0.508)
    (user_trace_width 1.016)
    (trace_clearance 0.2)
    (zone_clearance 0.508)
    (zone_45_only no)
    (trace_min 0.2)
    (via_size 0.8)
    (via_drill 0.4)
    (via_min_size 0.3)
    (via_min_drill 0.15)
    (user_via 0.34 0.17)
    (user_via 0.4 0.2)
    (user_via 0.6 0.3)
    (user_via 1.016 0.508)
    (blind_buried_vias_allowed yes)
    (uvia_size 0.3)
    (uvia_drill 0.1)
    (uvias_allowed yes)
    (uvia_min_size 0.2)
    (uvia_min_drill 0.1)
    (edge_width 0.05)
    (segment_width 0.2)
    (pcb_text_width 0.3)
    (pcb_text_size 1.5 1.5)
    (mod_edge_width 0.12)
    (mod_text_size 1 1)
    (mod_text_width 0.15)
    (pad_size 1.524 1.524)
    (pad_drill 0.762)
    (pad_to_mask_clearance 0)
    (aux_axis_origin 0 0)
    (visible_elements 7FFFFFFF)
    (pcbplotparams
      (layerselection 0x010fc_ffffffff)
      (usegerberextensions false)
      (usegerberattributes true)
      (usegerberadvancedattributes true)
      (creategerberjobfile true)
      (excludeedgelayer true)
      (linewidth 0.100000)
      (plotframeref false)
      (viasonmask false)
      (mode 1)
      (useauxorigin false)
      (hpglpennumber 1)
      (hpglpenspeed 20)
      (hpglpendiameter 15.000000)
      (psnegative false)
      (psa4output false)
      (plotreference true)
      (plotvalue true)
      (plotinvisibletext false)
      (padsonsilk false)
      (subtractmaskfromsilk false)
      (outputformat 1)
      (mirror false)
      (drillshape 1)
      (scaleselection 1)
      (outputdirectory ""))
  )

  (net 0 "")
  (net 1 GNDREF)
  (net 2 "Net-(C25-Pad1)")
  (net 3 "Net-(C28-Pad1)")
  (net 4 "Net-(C29-Pad1)")
  (net 5 "Net-(C31-Pad1)")
  (net 6 "Net-(C35-Pad1)")
  (net 7 OSC_IN)
  (net 8 OSC32_IN)
  (net 9 OSC32_OUT)
  (net 10 5V)
  (net 11 OSC_OUT)
  (net 12 "Net-(D1-Pad1)")
  (net 13 "Net-(D1-Pad2)")
  (net 14 ENC1_1)
  (net 15 ENC1_2)
  (net 16 ENC1_3)
  (net 17 ENC1_4)
  (net 18 ENC2_1)
  (net 19 ENC2_2)
  (net 20 ENC2_3)
  (net 21 ENC2_4)
  (net 22 ENC5_1)
  (net 23 ENC5_2)
  (net 24 ENC5_3)
  (net 25 ENC5_4)
  (net 26 ENC6_1)
  (net 27 ENC6_2)
  (net 28 ENC6_3)
  (net 29 ENC6_4)
  (net 30 ENC_RST_3)
  (net 31 ENC_RST_4)
  (net 32 EXP_SCL)
  (net 33 EXP_SDA)
  (net 34 EXP_INT)
  (net 35 ENC_RST_2)
  (net 36 ENC_RST_1)
  (net 37 ENC8_4)
  (net 38 ENC8_3)
  (net 39 ENC8_2)
  (net 40 ENC8_1)
  (net 41 ENC7_4)
  (net 42 ENC7_3)
  (net 43 ENC7_2)
  (net 44 ENC7_1)
  (net 45 ENC4_4)
  (net 46 ENC4_3)
  (net 47 ENC4_2)
  (net 48 ENC4_1)
  (net 49 ENC3_4)
  (net 50 ENC3_3)
  (net 51 ENC3_2)
  (net 52 ENC3_1)
  (net 53 SCL)
  (net 54 TempHumid_DRDY)
  (net 55 SDA)
  (net 56 SWDIO)
  (net 57 SWCLK)
  (net 58 NRST)
  (net 59 ADC_EOC1_1)
  (net 60 ADC_CS1_1)
  (net 61 ADC_CNVST1_1)
  (net 62 ADC_EOC1_2)
  (net 63 ADC_CS1_2)
  (net 64 ADC_CNVST1_2)
  (net 65 ADC_CNVST2_2)
  (net 66 ADC_CS2_2)
  (net 67 ADC_EOC2_2)
  (net 68 ADC_CNVST2_1)
  (net 69 ADC_CS2_1)
  (net 70 ADC_EOC2_1)
  (net 71 ADC_EOC3_1)
  (net 72 ADC_CS3_1)
  (net 73 ADC_CNVST3_1)
  (net 74 ADC_EOC3_2)
  (net 75 ADC_CS3_2)
  (net 76 ADC_CNVST3_2)
  (net 77 ADC_CNVST4_2)
  (net 78 ADC_CS4_2)
  (net 79 ADC_EOC4_2)
  (net 80 ADC_CNVST4_1)
  (net 81 ADC_CS4_1)
  (net 82 ADC_EOC4_1)
  (net 83 OR1)
  (net 84 OR3)
  (net 85 OR2)
  (net 86 OR4)
  (net 87 "Net-(J17-Pad1)")
  (net 88 +5V)
  (net 89 "Net-(J20-Pad2)")
  (net 90 TX)
  (net 91 RX)
  (net 92 GPS_AADET_N)
  (net 93 GPS_TIMER)
  (net 94 GPS_1PPS)
  (net 95 GPS_EX_ANT)
  (net 96 GPS_RESET)
  (net 97 ACC_INT1)
  (net 98 ACC_INT2)
  (net 99 ACC_ADC1)
  (net 100 ACC_ADC2)
  (net 101 ACC_ADC3)
  (net 102 RTC_SQW)
  (net 103 EXP_3)
  (net 104 EXP_2)
  (net 105 EXP_1)
  (net 106 EXP_0)
  (net 107 "Net-(J11-Pad2)")
  (net 108 VDD)
  (net 109 "Net-(C17-Pad1)")
  (net 110 "Net-(C18-Pad1)")
  (net 111 "Net-(C20-Pad1)")
  (net 112 "Net-(C21-Pad1)")
  (net 113 "Net-(C24-Pad1)")
  (net 114 "Net-(C27-Pad1)")
  (net 115 "Net-(C32-Pad1)")
  (net 116 "Net-(C32-Pad2)")
  (net 117 "Net-(C33-Pad1)")
  (net 118 "Net-(C34-Pad1)")
  (net 119 "Net-(C36-Pad1)")
  (net 120 "Net-(C37-Pad1)")
  (net 121 "Net-(C40-Pad2)")
  (net 122 "Net-(C40-Pad1)")
  (net 123 "Net-(C41-Pad2)")
  (net 124 "Net-(C41-Pad1)")
  (net 125 "Net-(C42-Pad1)")
  (net 126 "Net-(C43-Pad1)")
  (net 127 "Net-(C44-Pad1)")
  (net 128 "Net-(C45-Pad2)")
  (net 129 "Net-(C45-Pad1)")
  (net 130 "Net-(C47-Pad2)")
  (net 131 "Net-(C47-Pad1)")
  (net 132 "Net-(C50-Pad1)")
  (net 133 "Net-(C52-Pad1)")
  (net 134 "Net-(C61-Pad1)")
  (net 135 BOOT0)
  (net 136 PB4)
  (net 137 PB3)
  (net 138 PD2)
  (net 139 PA11)
  (net 140 LoRa_NRST)
  (net 141 LoRa_DO0)
  (net 142 LoRa_DO1)
  (net 143 LoRa_DO2)
  (net 144 LoRa_DO3)
  (net 145 LoRa_DO4)
  (net 146 LoRa_DO5)
  (net 147 LoRa_MOSI)
  (net 148 LoRa_MISO)
  (net 149 LoRa_SCK)
  (net 150 LoRa_NSS)
  (net 151 LoRa_RXTX_CTRL)
  (net 152 ADC_DIN)
  (net 153 ADC_DOUT)
  (net 154 ADC_SCLK)
  (net 155 PC0)
  (net 156 PC13)
  (net 157 "Net-(IC2-Pad23)")
  (net 158 "Net-(IC2-Pad35)")
  (net 159 "Net-(IC3-Pad27)")
  (net 160 "Net-(IC3-Pad22)")
  (net 161 "Net-(IC3-Pad21)")
  (net 162 "Net-(IC3-Pad1)")
  (net 163 "Net-(IC5-Pad1)")
  (net 164 "Net-(IC6-Pad6)")
  (net 165 "Net-(J9-Pad19)")
  (net 166 "Net-(J9-Pad17)")
  (net 167 "Net-(J9-Pad13)")
  (net 168 "Net-(J9-Pad11)")
  (net 169 "Net-(J10-Pad29)")
  (net 170 "Net-(J16-Pad1)")
  (net 171 "Net-(J18-Pad1)")
  (net 172 "Net-(J20-Pad3)")
  (net 173 "Net-(J21-Pad2)")
  (net 174 "Net-(R5-Pad2)")
  (net 175 "Net-(U3-Pad7)")
  (net 176 "Net-(U3-Pad8)")
  (net 177 "Net-(J20-PadMH2)")
  (net 178 "Net-(J20-PadMH1)")

  (net_class Default "This is the default net class."
    (clearance 0.2)
    (trace_width 0.25)
    (via_dia 0.8)
    (via_drill 0.4)
    (uvia_dia 0.3)
    (uvia_drill 0.1)
    (add_net +5V)
    (add_net 5V)
    (add_net ACC_ADC1)
    (add_net ACC_ADC2)
    (add_net ACC_ADC3)
    (add_net ACC_INT1)
    (add_net ACC_INT2)
    (add_net ADC_CNVST1_1)
    (add_net ADC_CNVST1_2)
    (add_net ADC_CNVST2_1)
    (add_net ADC_CNVST2_2)
    (add_net ADC_CNVST3_1)
    (add_net ADC_CNVST3_2)
    (add_net ADC_CNVST4_1)
    (add_net ADC_CNVST4_2)
    (add_net ADC_CS1_1)
    (add_net ADC_CS1_2)
    (add_net ADC_CS2_1)
    (add_net ADC_CS2_2)
    (add_net ADC_CS3_1)
    (add_net ADC_CS3_2)
    (add_net ADC_CS4_1)
    (add_net ADC_CS4_2)
    (add_net ADC_DIN)
    (add_net ADC_DOUT)
    (add_net ADC_EOC1_1)
    (add_net ADC_EOC1_2)
    (add_net ADC_EOC2_1)
    (add_net ADC_EOC2_2)
    (add_net ADC_EOC3_1)
    (add_net ADC_EOC3_2)
    (add_net ADC_EOC4_1)
    (add_net ADC_EOC4_2)
    (add_net ADC_SCLK)
    (add_net BOOT0)
    (add_net ENC1_1)
    (add_net ENC1_2)
    (add_net ENC1_3)
    (add_net ENC1_4)
    (add_net ENC2_1)
    (add_net ENC2_2)
    (add_net ENC2_3)
    (add_net ENC2_4)
    (add_net ENC3_1)
    (add_net ENC3_2)
    (add_net ENC3_3)
    (add_net ENC3_4)
    (add_net ENC4_1)
    (add_net ENC4_2)
    (add_net ENC4_3)
    (add_net ENC4_4)
    (add_net ENC5_1)
    (add_net ENC5_2)
    (add_net ENC5_3)
    (add_net ENC5_4)
    (add_net ENC6_1)
    (add_net ENC6_2)
    (add_net ENC6_3)
    (add_net ENC6_4)
    (add_net ENC7_1)
    (add_net ENC7_2)
    (add_net ENC7_3)
    (add_net ENC7_4)
    (add_net ENC8_1)
    (add_net ENC8_2)
    (add_net ENC8_3)
    (add_net ENC8_4)
    (add_net ENC_RST_1)
    (add_net ENC_RST_2)
    (add_net ENC_RST_3)
    (add_net ENC_RST_4)
    (add_net EXP_0)
    (add_net EXP_1)
    (add_net EXP_2)
    (add_net EXP_3)
    (add_net EXP_INT)
    (add_net EXP_SCL)
    (add_net EXP_SDA)
    (add_net GNDREF)
    (add_net GPS_1PPS)
    (add_net GPS_AADET_N)
    (add_net GPS_EX_ANT)
    (add_net GPS_RESET)
    (add_net GPS_TIMER)
    (add_net LoRa_DO0)
    (add_net LoRa_DO1)
    (add_net LoRa_DO2)
    (add_net LoRa_DO3)
    (add_net LoRa_DO4)
    (add_net LoRa_DO5)
    (add_net LoRa_MISO)
    (add_net LoRa_MOSI)
    (add_net LoRa_NRST)
    (add_net LoRa_NSS)
    (add_net LoRa_RXTX_CTRL)
    (add_net LoRa_SCK)
    (add_net NRST)
    (add_net "Net-(C17-Pad1)")
    (add_net "Net-(C18-Pad1)")
    (add_net "Net-(C20-Pad1)")
    (add_net "Net-(C21-Pad1)")
    (add_net "Net-(C24-Pad1)")
    (add_net "Net-(C25-Pad1)")
    (add_net "Net-(C27-Pad1)")
    (add_net "Net-(C28-Pad1)")
    (add_net "Net-(C29-Pad1)")
    (add_net "Net-(C31-Pad1)")
    (add_net "Net-(C32-Pad1)")
    (add_net "Net-(C32-Pad2)")
    (add_net "Net-(C33-Pad1)")
    (add_net "Net-(C34-Pad1)")
    (add_net "Net-(C35-Pad1)")
    (add_net "Net-(C36-Pad1)")
    (add_net "Net-(C37-Pad1)")
    (add_net "Net-(C40-Pad1)")
    (add_net "Net-(C40-Pad2)")
    (add_net "Net-(C41-Pad1)")
    (add_net "Net-(C41-Pad2)")
    (add_net "Net-(C42-Pad1)")
    (add_net "Net-(C43-Pad1)")
    (add_net "Net-(C44-Pad1)")
    (add_net "Net-(C45-Pad1)")
    (add_net "Net-(C45-Pad2)")
    (add_net "Net-(C47-Pad1)")
    (add_net "Net-(C47-Pad2)")
    (add_net "Net-(C50-Pad1)")
    (add_net "Net-(C52-Pad1)")
    (add_net "Net-(C61-Pad1)")
    (add_net "Net-(D1-Pad1)")
    (add_net "Net-(D1-Pad2)")
    (add_net "Net-(IC2-Pad23)")
    (add_net "Net-(IC2-Pad35)")
    (add_net "Net-(IC3-Pad1)")
    (add_net "Net-(IC3-Pad21)")
    (add_net "Net-(IC3-Pad22)")
    (add_net "Net-(IC3-Pad27)")
    (add_net "Net-(IC5-Pad1)")
    (add_net "Net-(IC6-Pad6)")
    (add_net "Net-(J10-Pad29)")
    (add_net "Net-(J11-Pad2)")
    (add_net "Net-(J16-Pad1)")
    (add_net "Net-(J17-Pad1)")
    (add_net "Net-(J18-Pad1)")
    (add_net "Net-(J20-Pad2)")
    (add_net "Net-(J20-Pad3)")
    (add_net "Net-(J20-PadMH1)")
    (add_net "Net-(J20-PadMH2)")
    (add_net "Net-(J21-Pad2)")
    (add_net "Net-(J9-Pad11)")
    (add_net "Net-(J9-Pad13)")
    (add_net "Net-(J9-Pad17)")
    (add_net "Net-(J9-Pad19)")
    (add_net "Net-(R5-Pad2)")
    (add_net "Net-(U3-Pad7)")
    (add_net "Net-(U3-Pad8)")
    (add_net OR1)
    (add_net OR2)
    (add_net OR3)
    (add_net OR4)
    (add_net OSC32_IN)
    (add_net OSC32_OUT)
    (add_net OSC_IN)
    (add_net OSC_OUT)
    (add_net PA11)
    (add_net PB3)
    (add_net PB4)
    (add_net PC0)
    (add_net PC13)
    (add_net PD2)
    (add_net RTC_SQW)
    (add_net RX)
    (add_net SCL)
    (add_net SDA)
    (add_net SWCLK)
    (add_net SWDIO)
    (add_net TX)
    (add_net TempHumid_DRDY)
    (add_net VDD)
  )

  (module Connector_JST:JST_GH_BM10B-GHS-TBT_1x10-1MP_P1.25mm_Vertical (layer F.Cu) (tedit 5B78AD87) (tstamp 616D31DD)
    (at 196.5 73.1)
    (descr "JST GH series connector, BM10B-GHS-TBT (http://www.jst-mfg.com/product/pdf/eng/eGH.pdf), generated with kicad-footprint-generator")
    (tags "connector JST GH side entry")
    (path /61789BD1/61686F2D)
    (attr smd)
    (fp_text reference J13 (at 0 -4) (layer F.SilkS)
      (effects (font (size 1 1) (thickness 0.15)))
    )
    (fp_text value Conn_01x10 (at 0 4) (layer F.Fab)
      (effects (font (size 1 1) (thickness 0.15)))
    )
    (fp_line (start -7.875 1.75) (end 7.875 1.75) (layer F.Fab) (width 0.1))
    (fp_line (start -7.985 0.26) (end -7.985 1.86) (layer F.SilkS) (width 0.12))
    (fp_line (start -7.985 1.86) (end -6.185 1.86) (layer F.SilkS) (width 0.12))
    (fp_line (start -6.185 1.86) (end -6.185 2.8) (layer F.SilkS) (width 0.12))
    (fp_line (start 7.985 0.26) (end 7.985 1.86) (layer F.SilkS) (width 0.12))
    (fp_line (start 7.985 1.86) (end 6.185 1.86) (layer F.SilkS) (width 0.12))
    (fp_line (start -6.715 -2.61) (end 6.715 -2.61) (layer F.SilkS) (width 0.12))
    (fp_line (start -7.875 -2.5) (end 7.875 -2.5) (layer F.Fab) (width 0.1))
    (fp_line (start -7.875 1.75) (end -7.875 -2.5) (layer F.Fab) (width 0.1))
    (fp_line (start 7.875 1.75) (end 7.875 -2.5) (layer F.Fab) (width 0.1))
    (fp_line (start -5.875 -0.5) (end -5.875 0) (layer F.Fab) (width 0.1))
    (fp_line (start -5.875 0) (end -5.375 0) (layer F.Fab) (width 0.1))
    (fp_line (start -5.375 0) (end -5.375 -0.5) (layer F.Fab) (width 0.1))
    (fp_line (start -5.375 -0.5) (end -5.875 -0.5) (layer F.Fab) (width 0.1))
    (fp_line (start -4.625 -0.5) (end -4.625 0) (layer F.Fab) (width 0.1))
    (fp_line (start -4.625 0) (end -4.125 0) (layer F.Fab) (width 0.1))
    (fp_line (start -4.125 0) (end -4.125 -0.5) (layer F.Fab) (width 0.1))
    (fp_line (start -4.125 -0.5) (end -4.625 -0.5) (layer F.Fab) (width 0.1))
    (fp_line (start -3.375 -0.5) (end -3.375 0) (layer F.Fab) (width 0.1))
    (fp_line (start -3.375 0) (end -2.875 0) (layer F.Fab) (width 0.1))
    (fp_line (start -2.875 0) (end -2.875 -0.5) (layer F.Fab) (width 0.1))
    (fp_line (start -2.875 -0.5) (end -3.375 -0.5) (layer F.Fab) (width 0.1))
    (fp_line (start -2.125 -0.5) (end -2.125 0) (layer F.Fab) (width 0.1))
    (fp_line (start -2.125 0) (end -1.625 0) (layer F.Fab) (width 0.1))
    (fp_line (start -1.625 0) (end -1.625 -0.5) (layer F.Fab) (width 0.1))
    (fp_line (start -1.625 -0.5) (end -2.125 -0.5) (layer F.Fab) (width 0.1))
    (fp_line (start -0.875 -0.5) (end -0.875 0) (layer F.Fab) (width 0.1))
    (fp_line (start -0.875 0) (end -0.375 0) (layer F.Fab) (width 0.1))
    (fp_line (start -0.375 0) (end -0.375 -0.5) (layer F.Fab) (width 0.1))
    (fp_line (start -0.375 -0.5) (end -0.875 -0.5) (layer F.Fab) (width 0.1))
    (fp_line (start 0.375 -0.5) (end 0.375 0) (layer F.Fab) (width 0.1))
    (fp_line (start 0.375 0) (end 0.875 0) (layer F.Fab) (width 0.1))
    (fp_line (start 0.875 0) (end 0.875 -0.5) (layer F.Fab) (width 0.1))
    (fp_line (start 0.875 -0.5) (end 0.375 -0.5) (layer F.Fab) (width 0.1))
    (fp_line (start 1.625 -0.5) (end 1.625 0) (layer F.Fab) (width 0.1))
    (fp_line (start 1.625 0) (end 2.125 0) (layer F.Fab) (width 0.1))
    (fp_line (start 2.125 0) (end 2.125 -0.5) (layer F.Fab) (width 0.1))
    (fp_line (start 2.125 -0.5) (end 1.625 -0.5) (layer F.Fab) (width 0.1))
    (fp_line (start 2.875 -0.5) (end 2.875 0) (layer F.Fab) (width 0.1))
    (fp_line (start 2.875 0) (end 3.375 0) (layer F.Fab) (width 0.1))
    (fp_line (start 3.375 0) (end 3.375 -0.5) (layer F.Fab) (width 0.1))
    (fp_line (start 3.375 -0.5) (end 2.875 -0.5) (layer F.Fab) (width 0.1))
    (fp_line (start 4.125 -0.5) (end 4.125 0) (layer F.Fab) (width 0.1))
    (fp_line (start 4.125 0) (end 4.625 0) (layer F.Fab) (width 0.1))
    (fp_line (start 4.625 0) (end 4.625 -0.5) (layer F.Fab) (width 0.1))
    (fp_line (start 4.625 -0.5) (end 4.125 -0.5) (layer F.Fab) (width 0.1))
    (fp_line (start 5.375 -0.5) (end 5.375 0) (layer F.Fab) (width 0.1))
    (fp_line (start 5.375 0) (end 5.875 0) (layer F.Fab) (width 0.1))
    (fp_line (start 5.875 0) (end 5.875 -0.5) (layer F.Fab) (width 0.1))
    (fp_line (start 5.875 -0.5) (end 5.375 -0.5) (layer F.Fab) (width 0.1))
    (fp_line (start -8.48 -3.3) (end -8.48 3.3) (layer F.CrtYd) (width 0.05))
    (fp_line (start -8.48 3.3) (end 8.48 3.3) (layer F.CrtYd) (width 0.05))
    (fp_line (start 8.48 3.3) (end 8.48 -3.3) (layer F.CrtYd) (width 0.05))
    (fp_line (start 8.48 -3.3) (end -8.48 -3.3) (layer F.CrtYd) (width 0.05))
    (fp_line (start -6.125 1.75) (end -5.625 1.042893) (layer F.Fab) (width 0.1))
    (fp_line (start -5.625 1.042893) (end -5.125 1.75) (layer F.Fab) (width 0.1))
    (fp_text user %R (at 0 -1.5) (layer F.Fab)
      (effects (font (size 1 1) (thickness 0.15)))
    )
    (pad 1 smd roundrect (at -5.625 1.95) (size 0.6 1.7) (layers F.Cu F.Paste F.Mask) (roundrect_rratio 0.25)
      (net 84 OR3))
    (pad 2 smd roundrect (at -4.375 1.95) (size 0.6 1.7) (layers F.Cu F.Paste F.Mask) (roundrect_rratio 0.25)
      (net 30 ENC_RST_3))
    (pad 3 smd roundrect (at -3.125 1.95) (size 0.6 1.7) (layers F.Cu F.Paste F.Mask) (roundrect_rratio 0.25)
      (net 29 ENC6_4))
    (pad 4 smd roundrect (at -1.875 1.95) (size 0.6 1.7) (layers F.Cu F.Paste F.Mask) (roundrect_rratio 0.25)
      (net 28 ENC6_3))
    (pad 5 smd roundrect (at -0.625 1.95) (size 0.6 1.7) (layers F.Cu F.Paste F.Mask) (roundrect_rratio 0.25)
      (net 27 ENC6_2))
    (pad 6 smd roundrect (at 0.625 1.95) (size 0.6 1.7) (layers F.Cu F.Paste F.Mask) (roundrect_rratio 0.25)
      (net 26 ENC6_1))
    (pad 7 smd roundrect (at 1.875 1.95) (size 0.6 1.7) (layers F.Cu F.Paste F.Mask) (roundrect_rratio 0.25)
      (net 25 ENC5_4))
    (pad 8 smd roundrect (at 3.125 1.95) (size 0.6 1.7) (layers F.Cu F.Paste F.Mask) (roundrect_rratio 0.25)
      (net 24 ENC5_3))
    (pad 9 smd roundrect (at 4.375 1.95) (size 0.6 1.7) (layers F.Cu F.Paste F.Mask) (roundrect_rratio 0.25)
      (net 23 ENC5_2))
    (pad 10 smd roundrect (at 5.625 1.95) (size 0.6 1.7) (layers F.Cu F.Paste F.Mask) (roundrect_rratio 0.25)
      (net 22 ENC5_1))
    (pad MP smd roundrect (at -7.475 -1.4) (size 1 2.8) (layers F.Cu F.Paste F.Mask) (roundrect_rratio 0.25))
    (pad MP smd roundrect (at 7.475 -1.4) (size 1 2.8) (layers F.Cu F.Paste F.Mask) (roundrect_rratio 0.25))
    (model ${KISYS3DMOD}/Connector_JST.3dshapes/JST_GH_BM10B-GHS-TBT_1x10-1MP_P1.25mm_Vertical.wrl
      (at (xyz 0 0 0))
      (scale (xyz 1 1 1))
      (rotate (xyz 0 0 0))
    )
  )

  (module USBASFBTH:USBASFBTH (layer F.Cu) (tedit 0) (tstamp 616DE3CE)
    (at 93 79 270)
    (descr USB-A-S-F-B-TH-2)
    (tags Connector)
    (path /612BE788/61713A38)
    (fp_text reference J20 (at 3.5 5.505 90) (layer F.SilkS)
      (effects (font (size 1.27 1.27) (thickness 0.254)))
    )
    (fp_text value USB-A-S-F-B-TH (at 3.5 5.505 90) (layer F.SilkS) hide
      (effects (font (size 1.27 1.27) (thickness 0.254)))
    )
    (fp_arc (start -0.4 -2) (end -0.3 -2) (angle -180) (layer F.SilkS) (width 0.2))
    (fp_arc (start -0.4 -2) (end -0.5 -2) (angle -180) (layer F.SilkS) (width 0.2))
    (fp_text user %R (at 3.5 5.505 90) (layer F.Fab)
      (effects (font (size 1.27 1.27) (thickness 0.254)))
    )
    (fp_line (start -3.8 -0.99) (end 10.8 -0.99) (layer F.Fab) (width 0.2))
    (fp_line (start 10.8 -0.99) (end 10.8 13.11) (layer F.Fab) (width 0.2))
    (fp_line (start 10.8 13.11) (end -3.8 13.11) (layer F.Fab) (width 0.2))
    (fp_line (start -3.8 13.11) (end -3.8 -0.99) (layer F.Fab) (width 0.2))
    (fp_line (start -5.795 -3.1) (end 12.795 -3.1) (layer F.CrtYd) (width 0.1))
    (fp_line (start 12.795 -3.1) (end 12.795 14.11) (layer F.CrtYd) (width 0.1))
    (fp_line (start 12.795 14.11) (end -5.795 14.11) (layer F.CrtYd) (width 0.1))
    (fp_line (start -5.795 14.11) (end -5.795 -3.1) (layer F.CrtYd) (width 0.1))
    (fp_line (start -3.8 -1) (end 10.8 -0.99) (layer F.SilkS) (width 0.1))
    (fp_line (start -3.8 5) (end -3.8 13.11) (layer F.SilkS) (width 0.1))
    (fp_line (start -3.8 13.11) (end 10.8 13.11) (layer F.SilkS) (width 0.1))
    (fp_line (start 10.8 13.11) (end 10.8 5.5) (layer F.SilkS) (width 0.1))
    (fp_line (start -0.5 -2) (end -0.5 -2) (layer F.SilkS) (width 0.2))
    (fp_line (start -0.3 -2) (end -0.3 -2) (layer F.SilkS) (width 0.2))
    (pad MH2 thru_hole circle (at 10.07 2.71 270) (size 3.45 3.45) (drill 2.3) (layers *.Cu *.Mask)
      (net 177 "Net-(J20-PadMH2)"))
    (pad MH1 thru_hole circle (at -3.07 2.71 270) (size 3.45 3.45) (drill 2.3) (layers *.Cu *.Mask)
      (net 178 "Net-(J20-PadMH1)"))
    (pad 4 thru_hole circle (at 7 0 270) (size 1.431 1.431) (drill 0.92) (layers *.Cu *.Mask)
      (net 1 GNDREF))
    (pad 3 thru_hole circle (at 4.5 0 270) (size 1.431 1.431) (drill 0.92) (layers *.Cu *.Mask)
      (net 172 "Net-(J20-Pad3)"))
    (pad 2 thru_hole circle (at 2.5 0 270) (size 1.431 1.431) (drill 0.92) (layers *.Cu *.Mask)
      (net 89 "Net-(J20-Pad2)"))
    (pad 1 thru_hole circle (at 0 0 270) (size 1.431 1.431) (drill 0.92) (layers *.Cu *.Mask)
      (net 88 +5V))
    (model USB-A-S-F-B-TH.stp
      (at (xyz 0 0 0))
      (scale (xyz 1 1 1))
      (rotate (xyz 0 0 0))
    )
  )

  (module Capacitor_SMD:C_0805_2012Metric (layer F.Cu) (tedit 5F68FEEE) (tstamp 616D29C1)
    (at 134.7 77.9 180)
    (descr "Capacitor SMD 0805 (2012 Metric), square (rectangular) end terminal, IPC_7351 nominal, (Body size source: IPC-SM-782 page 76, https://www.pcb-3d.com/wordpress/wp-content/uploads/ipc-sm-782a_amendment_1_and_2.pdf, https://docs.google.com/spreadsheets/d/1BsfQQcO9C6DZCsRaXUlFlo91Tg2WpOkGARC1WS5S8t0/edit?usp=sharing), generated with kicad-footprint-generator")
    (tags capacitor)
    (path /61449807)
    (attr smd)
    (fp_text reference C1 (at 0 -1.68) (layer F.SilkS)
      (effects (font (size 1 1) (thickness 0.15)))
    )
    (fp_text value 100nF (at 0 1.68) (layer F.Fab)
      (effects (font (size 1 1) (thickness 0.15)))
    )
    (fp_line (start 1.7 0.98) (end -1.7 0.98) (layer F.CrtYd) (width 0.05))
    (fp_line (start 1.7 -0.98) (end 1.7 0.98) (layer F.CrtYd) (width 0.05))
    (fp_line (start -1.7 -0.98) (end 1.7 -0.98) (layer F.CrtYd) (width 0.05))
    (fp_line (start -1.7 0.98) (end -1.7 -0.98) (layer F.CrtYd) (width 0.05))
    (fp_line (start -0.261252 0.735) (end 0.261252 0.735) (layer F.SilkS) (width 0.12))
    (fp_line (start -0.261252 -0.735) (end 0.261252 -0.735) (layer F.SilkS) (width 0.12))
    (fp_line (start 1 0.625) (end -1 0.625) (layer F.Fab) (width 0.1))
    (fp_line (start 1 -0.625) (end 1 0.625) (layer F.Fab) (width 0.1))
    (fp_line (start -1 -0.625) (end 1 -0.625) (layer F.Fab) (width 0.1))
    (fp_line (start -1 0.625) (end -1 -0.625) (layer F.Fab) (width 0.1))
    (fp_text user %R (at 0 0) (layer F.Fab)
      (effects (font (size 0.5 0.5) (thickness 0.08)))
    )
    (pad 2 smd roundrect (at 0.95 0 180) (size 1 1.45) (layers F.Cu F.Paste F.Mask) (roundrect_rratio 0.25)
      (net 1 GNDREF))
    (pad 1 smd roundrect (at -0.95 0 180) (size 1 1.45) (layers F.Cu F.Paste F.Mask) (roundrect_rratio 0.25)
      (net 108 VDD))
    (model ${KISYS3DMOD}/Capacitor_SMD.3dshapes/C_0805_2012Metric.wrl
      (at (xyz 0 0 0))
      (scale (xyz 1 1 1))
      (rotate (xyz 0 0 0))
    )
  )

  (module Capacitor_SMD:C_0805_2012Metric (layer F.Cu) (tedit 5F68FEEE) (tstamp 616D29D2)
    (at 134.7 75.7 180)
    (descr "Capacitor SMD 0805 (2012 Metric), square (rectangular) end terminal, IPC_7351 nominal, (Body size source: IPC-SM-782 page 76, https://www.pcb-3d.com/wordpress/wp-content/uploads/ipc-sm-782a_amendment_1_and_2.pdf, https://docs.google.com/spreadsheets/d/1BsfQQcO9C6DZCsRaXUlFlo91Tg2WpOkGARC1WS5S8t0/edit?usp=sharing), generated with kicad-footprint-generator")
    (tags capacitor)
    (path /61449801)
    (attr smd)
    (fp_text reference C2 (at 0 -1.68) (layer F.SilkS)
      (effects (font (size 1 1) (thickness 0.15)))
    )
    (fp_text value 100nF (at 0 1.68) (layer F.Fab)
      (effects (font (size 1 1) (thickness 0.15)))
    )
    (fp_line (start -1 0.625) (end -1 -0.625) (layer F.Fab) (width 0.1))
    (fp_line (start -1 -0.625) (end 1 -0.625) (layer F.Fab) (width 0.1))
    (fp_line (start 1 -0.625) (end 1 0.625) (layer F.Fab) (width 0.1))
    (fp_line (start 1 0.625) (end -1 0.625) (layer F.Fab) (width 0.1))
    (fp_line (start -0.261252 -0.735) (end 0.261252 -0.735) (layer F.SilkS) (width 0.12))
    (fp_line (start -0.261252 0.735) (end 0.261252 0.735) (layer F.SilkS) (width 0.12))
    (fp_line (start -1.7 0.98) (end -1.7 -0.98) (layer F.CrtYd) (width 0.05))
    (fp_line (start -1.7 -0.98) (end 1.7 -0.98) (layer F.CrtYd) (width 0.05))
    (fp_line (start 1.7 -0.98) (end 1.7 0.98) (layer F.CrtYd) (width 0.05))
    (fp_line (start 1.7 0.98) (end -1.7 0.98) (layer F.CrtYd) (width 0.05))
    (fp_text user %R (at 0 0) (layer F.Fab)
      (effects (font (size 0.5 0.5) (thickness 0.08)))
    )
    (pad 1 smd roundrect (at -0.95 0 180) (size 1 1.45) (layers F.Cu F.Paste F.Mask) (roundrect_rratio 0.25)
      (net 108 VDD))
    (pad 2 smd roundrect (at 0.95 0 180) (size 1 1.45) (layers F.Cu F.Paste F.Mask) (roundrect_rratio 0.25)
      (net 1 GNDREF))
    (model ${KISYS3DMOD}/Capacitor_SMD.3dshapes/C_0805_2012Metric.wrl
      (at (xyz 0 0 0))
      (scale (xyz 1 1 1))
      (rotate (xyz 0 0 0))
    )
  )

  (module Capacitor_SMD:C_0805_2012Metric (layer F.Cu) (tedit 5F68FEEE) (tstamp 616D29E3)
    (at 134.7 73.5 180)
    (descr "Capacitor SMD 0805 (2012 Metric), square (rectangular) end terminal, IPC_7351 nominal, (Body size source: IPC-SM-782 page 76, https://www.pcb-3d.com/wordpress/wp-content/uploads/ipc-sm-782a_amendment_1_and_2.pdf, https://docs.google.com/spreadsheets/d/1BsfQQcO9C6DZCsRaXUlFlo91Tg2WpOkGARC1WS5S8t0/edit?usp=sharing), generated with kicad-footprint-generator")
    (tags capacitor)
    (path /6144CA72)
    (attr smd)
    (fp_text reference C3 (at 0 -1.68) (layer F.SilkS)
      (effects (font (size 1 1) (thickness 0.15)))
    )
    (fp_text value 4.7uF (at 0 1.68) (layer F.Fab)
      (effects (font (size 1 1) (thickness 0.15)))
    )
    (fp_line (start -1 0.625) (end -1 -0.625) (layer F.Fab) (width 0.1))
    (fp_line (start -1 -0.625) (end 1 -0.625) (layer F.Fab) (width 0.1))
    (fp_line (start 1 -0.625) (end 1 0.625) (layer F.Fab) (width 0.1))
    (fp_line (start 1 0.625) (end -1 0.625) (layer F.Fab) (width 0.1))
    (fp_line (start -0.261252 -0.735) (end 0.261252 -0.735) (layer F.SilkS) (width 0.12))
    (fp_line (start -0.261252 0.735) (end 0.261252 0.735) (layer F.SilkS) (width 0.12))
    (fp_line (start -1.7 0.98) (end -1.7 -0.98) (layer F.CrtYd) (width 0.05))
    (fp_line (start -1.7 -0.98) (end 1.7 -0.98) (layer F.CrtYd) (width 0.05))
    (fp_line (start 1.7 -0.98) (end 1.7 0.98) (layer F.CrtYd) (width 0.05))
    (fp_line (start 1.7 0.98) (end -1.7 0.98) (layer F.CrtYd) (width 0.05))
    (fp_text user %R (at 0 0) (layer F.Fab)
      (effects (font (size 0.5 0.5) (thickness 0.08)))
    )
    (pad 1 smd roundrect (at -0.95 0 180) (size 1 1.45) (layers F.Cu F.Paste F.Mask) (roundrect_rratio 0.25)
      (net 108 VDD))
    (pad 2 smd roundrect (at 0.95 0 180) (size 1 1.45) (layers F.Cu F.Paste F.Mask) (roundrect_rratio 0.25)
      (net 1 GNDREF))
    (model ${KISYS3DMOD}/Capacitor_SMD.3dshapes/C_0805_2012Metric.wrl
      (at (xyz 0 0 0))
      (scale (xyz 1 1 1))
      (rotate (xyz 0 0 0))
    )
  )

  (module Capacitor_SMD:C_0805_2012Metric (layer F.Cu) (tedit 5F68FEEE) (tstamp 616D29F4)
    (at 131.5 80.6 90)
    (descr "Capacitor SMD 0805 (2012 Metric), square (rectangular) end terminal, IPC_7351 nominal, (Body size source: IPC-SM-782 page 76, https://www.pcb-3d.com/wordpress/wp-content/uploads/ipc-sm-782a_amendment_1_and_2.pdf, https://docs.google.com/spreadsheets/d/1BsfQQcO9C6DZCsRaXUlFlo91Tg2WpOkGARC1WS5S8t0/edit?usp=sharing), generated with kicad-footprint-generator")
    (tags capacitor)
    (path /6144CA6C)
    (attr smd)
    (fp_text reference C4 (at 0 -1.68 90) (layer F.SilkS)
      (effects (font (size 1 1) (thickness 0.15)))
    )
    (fp_text value 100nF (at 0 1.68 90) (layer F.Fab)
      (effects (font (size 1 1) (thickness 0.15)))
    )
    (fp_line (start 1.7 0.98) (end -1.7 0.98) (layer F.CrtYd) (width 0.05))
    (fp_line (start 1.7 -0.98) (end 1.7 0.98) (layer F.CrtYd) (width 0.05))
    (fp_line (start -1.7 -0.98) (end 1.7 -0.98) (layer F.CrtYd) (width 0.05))
    (fp_line (start -1.7 0.98) (end -1.7 -0.98) (layer F.CrtYd) (width 0.05))
    (fp_line (start -0.261252 0.735) (end 0.261252 0.735) (layer F.SilkS) (width 0.12))
    (fp_line (start -0.261252 -0.735) (end 0.261252 -0.735) (layer F.SilkS) (width 0.12))
    (fp_line (start 1 0.625) (end -1 0.625) (layer F.Fab) (width 0.1))
    (fp_line (start 1 -0.625) (end 1 0.625) (layer F.Fab) (width 0.1))
    (fp_line (start -1 -0.625) (end 1 -0.625) (layer F.Fab) (width 0.1))
    (fp_line (start -1 0.625) (end -1 -0.625) (layer F.Fab) (width 0.1))
    (fp_text user %R (at 0 0 90) (layer F.Fab)
      (effects (font (size 0.5 0.5) (thickness 0.08)))
    )
    (pad 2 smd roundrect (at 0.95 0 90) (size 1 1.45) (layers F.Cu F.Paste F.Mask) (roundrect_rratio 0.25)
      (net 1 GNDREF))
    (pad 1 smd roundrect (at -0.95 0 90) (size 1 1.45) (layers F.Cu F.Paste F.Mask) (roundrect_rratio 0.25)
      (net 108 VDD))
    (model ${KISYS3DMOD}/Capacitor_SMD.3dshapes/C_0805_2012Metric.wrl
      (at (xyz 0 0 0))
      (scale (xyz 1 1 1))
      (rotate (xyz 0 0 0))
    )
  )

  (module Capacitor_SMD:C_0805_2012Metric (layer F.Cu) (tedit 5F68FEEE) (tstamp 616D2A05)
    (at 129.3 80.6 90)
    (descr "Capacitor SMD 0805 (2012 Metric), square (rectangular) end terminal, IPC_7351 nominal, (Body size source: IPC-SM-782 page 76, https://www.pcb-3d.com/wordpress/wp-content/uploads/ipc-sm-782a_amendment_1_and_2.pdf, https://docs.google.com/spreadsheets/d/1BsfQQcO9C6DZCsRaXUlFlo91Tg2WpOkGARC1WS5S8t0/edit?usp=sharing), generated with kicad-footprint-generator")
    (tags capacitor)
    (path /614533D8)
    (attr smd)
    (fp_text reference C5 (at 0 -1.68 90) (layer F.SilkS)
      (effects (font (size 1 1) (thickness 0.15)))
    )
    (fp_text value 100nF (at 0 1.68 90) (layer F.Fab)
      (effects (font (size 1 1) (thickness 0.15)))
    )
    (fp_line (start -1 0.625) (end -1 -0.625) (layer F.Fab) (width 0.1))
    (fp_line (start -1 -0.625) (end 1 -0.625) (layer F.Fab) (width 0.1))
    (fp_line (start 1 -0.625) (end 1 0.625) (layer F.Fab) (width 0.1))
    (fp_line (start 1 0.625) (end -1 0.625) (layer F.Fab) (width 0.1))
    (fp_line (start -0.261252 -0.735) (end 0.261252 -0.735) (layer F.SilkS) (width 0.12))
    (fp_line (start -0.261252 0.735) (end 0.261252 0.735) (layer F.SilkS) (width 0.12))
    (fp_line (start -1.7 0.98) (end -1.7 -0.98) (layer F.CrtYd) (width 0.05))
    (fp_line (start -1.7 -0.98) (end 1.7 -0.98) (layer F.CrtYd) (width 0.05))
    (fp_line (start 1.7 -0.98) (end 1.7 0.98) (layer F.CrtYd) (width 0.05))
    (fp_line (start 1.7 0.98) (end -1.7 0.98) (layer F.CrtYd) (width 0.05))
    (fp_text user %R (at 0 0 90) (layer F.Fab)
      (effects (font (size 0.5 0.5) (thickness 0.08)))
    )
    (pad 1 smd roundrect (at -0.95 0 90) (size 1 1.45) (layers F.Cu F.Paste F.Mask) (roundrect_rratio 0.25)
      (net 108 VDD))
    (pad 2 smd roundrect (at 0.95 0 90) (size 1 1.45) (layers F.Cu F.Paste F.Mask) (roundrect_rratio 0.25)
      (net 1 GNDREF))
    (model ${KISYS3DMOD}/Capacitor_SMD.3dshapes/C_0805_2012Metric.wrl
      (at (xyz 0 0 0))
      (scale (xyz 1 1 1))
      (rotate (xyz 0 0 0))
    )
  )

  (module Capacitor_SMD:C_0805_2012Metric (layer F.Cu) (tedit 5F68FEEE) (tstamp 616D2A16)
    (at 127.1 80.6 90)
    (descr "Capacitor SMD 0805 (2012 Metric), square (rectangular) end terminal, IPC_7351 nominal, (Body size source: IPC-SM-782 page 76, https://www.pcb-3d.com/wordpress/wp-content/uploads/ipc-sm-782a_amendment_1_and_2.pdf, https://docs.google.com/spreadsheets/d/1BsfQQcO9C6DZCsRaXUlFlo91Tg2WpOkGARC1WS5S8t0/edit?usp=sharing), generated with kicad-footprint-generator")
    (tags capacitor)
    (path /614533D2)
    (attr smd)
    (fp_text reference C6 (at 0 -1.68 90) (layer F.SilkS)
      (effects (font (size 1 1) (thickness 0.15)))
    )
    (fp_text value 4.7uF (at 0 1.68 90) (layer F.Fab)
      (effects (font (size 1 1) (thickness 0.15)))
    )
    (fp_line (start 1.7 0.98) (end -1.7 0.98) (layer F.CrtYd) (width 0.05))
    (fp_line (start 1.7 -0.98) (end 1.7 0.98) (layer F.CrtYd) (width 0.05))
    (fp_line (start -1.7 -0.98) (end 1.7 -0.98) (layer F.CrtYd) (width 0.05))
    (fp_line (start -1.7 0.98) (end -1.7 -0.98) (layer F.CrtYd) (width 0.05))
    (fp_line (start -0.261252 0.735) (end 0.261252 0.735) (layer F.SilkS) (width 0.12))
    (fp_line (start -0.261252 -0.735) (end 0.261252 -0.735) (layer F.SilkS) (width 0.12))
    (fp_line (start 1 0.625) (end -1 0.625) (layer F.Fab) (width 0.1))
    (fp_line (start 1 -0.625) (end 1 0.625) (layer F.Fab) (width 0.1))
    (fp_line (start -1 -0.625) (end 1 -0.625) (layer F.Fab) (width 0.1))
    (fp_line (start -1 0.625) (end -1 -0.625) (layer F.Fab) (width 0.1))
    (fp_text user %R (at 0 0 90) (layer F.Fab)
      (effects (font (size 0.5 0.5) (thickness 0.08)))
    )
    (pad 2 smd roundrect (at 0.95 0 90) (size 1 1.45) (layers F.Cu F.Paste F.Mask) (roundrect_rratio 0.25)
      (net 1 GNDREF))
    (pad 1 smd roundrect (at -0.95 0 90) (size 1 1.45) (layers F.Cu F.Paste F.Mask) (roundrect_rratio 0.25)
      (net 108 VDD))
    (model ${KISYS3DMOD}/Capacitor_SMD.3dshapes/C_0805_2012Metric.wrl
      (at (xyz 0 0 0))
      (scale (xyz 1 1 1))
      (rotate (xyz 0 0 0))
    )
  )

  (module Capacitor_SMD:C_0805_2012Metric (layer F.Cu) (tedit 5F68FEEE) (tstamp 616D2A27)
    (at 130.3 89.5 270)
    (descr "Capacitor SMD 0805 (2012 Metric), square (rectangular) end terminal, IPC_7351 nominal, (Body size source: IPC-SM-782 page 76, https://www.pcb-3d.com/wordpress/wp-content/uploads/ipc-sm-782a_amendment_1_and_2.pdf, https://docs.google.com/spreadsheets/d/1BsfQQcO9C6DZCsRaXUlFlo91Tg2WpOkGARC1WS5S8t0/edit?usp=sharing), generated with kicad-footprint-generator")
    (tags capacitor)
    (path /614A0A0D)
    (attr smd)
    (fp_text reference C7 (at 0 -1.68 90) (layer F.SilkS)
      (effects (font (size 1 1) (thickness 0.15)))
    )
    (fp_text value 10nF (at 0 1.68 90) (layer F.Fab)
      (effects (font (size 1 1) (thickness 0.15)))
    )
    (fp_line (start 1.7 0.98) (end -1.7 0.98) (layer F.CrtYd) (width 0.05))
    (fp_line (start 1.7 -0.98) (end 1.7 0.98) (layer F.CrtYd) (width 0.05))
    (fp_line (start -1.7 -0.98) (end 1.7 -0.98) (layer F.CrtYd) (width 0.05))
    (fp_line (start -1.7 0.98) (end -1.7 -0.98) (layer F.CrtYd) (width 0.05))
    (fp_line (start -0.261252 0.735) (end 0.261252 0.735) (layer F.SilkS) (width 0.12))
    (fp_line (start -0.261252 -0.735) (end 0.261252 -0.735) (layer F.SilkS) (width 0.12))
    (fp_line (start 1 0.625) (end -1 0.625) (layer F.Fab) (width 0.1))
    (fp_line (start 1 -0.625) (end 1 0.625) (layer F.Fab) (width 0.1))
    (fp_line (start -1 -0.625) (end 1 -0.625) (layer F.Fab) (width 0.1))
    (fp_line (start -1 0.625) (end -1 -0.625) (layer F.Fab) (width 0.1))
    (fp_text user %R (at 0 0 90) (layer F.Fab)
      (effects (font (size 0.5 0.5) (thickness 0.08)))
    )
    (pad 2 smd roundrect (at 0.95 0 270) (size 1 1.45) (layers F.Cu F.Paste F.Mask) (roundrect_rratio 0.25)
      (net 1 GNDREF))
    (pad 1 smd roundrect (at -0.95 0 270) (size 1 1.45) (layers F.Cu F.Paste F.Mask) (roundrect_rratio 0.25)
      (net 108 VDD))
    (model ${KISYS3DMOD}/Capacitor_SMD.3dshapes/C_0805_2012Metric.wrl
      (at (xyz 0 0 0))
      (scale (xyz 1 1 1))
      (rotate (xyz 0 0 0))
    )
  )

  (module Capacitor_SMD:C_0805_2012Metric (layer F.Cu) (tedit 5F68FEEE) (tstamp 616D2A38)
    (at 128.1 89.5 270)
    (descr "Capacitor SMD 0805 (2012 Metric), square (rectangular) end terminal, IPC_7351 nominal, (Body size source: IPC-SM-782 page 76, https://www.pcb-3d.com/wordpress/wp-content/uploads/ipc-sm-782a_amendment_1_and_2.pdf, https://docs.google.com/spreadsheets/d/1BsfQQcO9C6DZCsRaXUlFlo91Tg2WpOkGARC1WS5S8t0/edit?usp=sharing), generated with kicad-footprint-generator")
    (tags capacitor)
    (path /614A0A07)
    (attr smd)
    (fp_text reference C8 (at 0 -1.68 90) (layer F.SilkS)
      (effects (font (size 1 1) (thickness 0.15)))
    )
    (fp_text value 1uF (at 0 1.68 90) (layer F.Fab)
      (effects (font (size 1 1) (thickness 0.15)))
    )
    (fp_line (start -1 0.625) (end -1 -0.625) (layer F.Fab) (width 0.1))
    (fp_line (start -1 -0.625) (end 1 -0.625) (layer F.Fab) (width 0.1))
    (fp_line (start 1 -0.625) (end 1 0.625) (layer F.Fab) (width 0.1))
    (fp_line (start 1 0.625) (end -1 0.625) (layer F.Fab) (width 0.1))
    (fp_line (start -0.261252 -0.735) (end 0.261252 -0.735) (layer F.SilkS) (width 0.12))
    (fp_line (start -0.261252 0.735) (end 0.261252 0.735) (layer F.SilkS) (width 0.12))
    (fp_line (start -1.7 0.98) (end -1.7 -0.98) (layer F.CrtYd) (width 0.05))
    (fp_line (start -1.7 -0.98) (end 1.7 -0.98) (layer F.CrtYd) (width 0.05))
    (fp_line (start 1.7 -0.98) (end 1.7 0.98) (layer F.CrtYd) (width 0.05))
    (fp_line (start 1.7 0.98) (end -1.7 0.98) (layer F.CrtYd) (width 0.05))
    (fp_text user %R (at 0 0 90) (layer F.Fab)
      (effects (font (size 0.5 0.5) (thickness 0.08)))
    )
    (pad 1 smd roundrect (at -0.95 0 270) (size 1 1.45) (layers F.Cu F.Paste F.Mask) (roundrect_rratio 0.25)
      (net 108 VDD))
    (pad 2 smd roundrect (at 0.95 0 270) (size 1 1.45) (layers F.Cu F.Paste F.Mask) (roundrect_rratio 0.25)
      (net 1 GNDREF))
    (model ${KISYS3DMOD}/Capacitor_SMD.3dshapes/C_0805_2012Metric.wrl
      (at (xyz 0 0 0))
      (scale (xyz 1 1 1))
      (rotate (xyz 0 0 0))
    )
  )

  (module Capacitor_SMD:C_0805_2012Metric (layer F.Cu) (tedit 5F68FEEE) (tstamp 616D2A49)
    (at 144.3 93.9)
    (descr "Capacitor SMD 0805 (2012 Metric), square (rectangular) end terminal, IPC_7351 nominal, (Body size source: IPC-SM-782 page 76, https://www.pcb-3d.com/wordpress/wp-content/uploads/ipc-sm-782a_amendment_1_and_2.pdf, https://docs.google.com/spreadsheets/d/1BsfQQcO9C6DZCsRaXUlFlo91Tg2WpOkGARC1WS5S8t0/edit?usp=sharing), generated with kicad-footprint-generator")
    (tags capacitor)
    (path /614A0A19)
    (attr smd)
    (fp_text reference C9 (at 0 -1.68) (layer F.SilkS)
      (effects (font (size 1 1) (thickness 0.15)))
    )
    (fp_text value 100nF (at 0 1.68) (layer F.Fab)
      (effects (font (size 1 1) (thickness 0.15)))
    )
    (fp_line (start 1.7 0.98) (end -1.7 0.98) (layer F.CrtYd) (width 0.05))
    (fp_line (start 1.7 -0.98) (end 1.7 0.98) (layer F.CrtYd) (width 0.05))
    (fp_line (start -1.7 -0.98) (end 1.7 -0.98) (layer F.CrtYd) (width 0.05))
    (fp_line (start -1.7 0.98) (end -1.7 -0.98) (layer F.CrtYd) (width 0.05))
    (fp_line (start -0.261252 0.735) (end 0.261252 0.735) (layer F.SilkS) (width 0.12))
    (fp_line (start -0.261252 -0.735) (end 0.261252 -0.735) (layer F.SilkS) (width 0.12))
    (fp_line (start 1 0.625) (end -1 0.625) (layer F.Fab) (width 0.1))
    (fp_line (start 1 -0.625) (end 1 0.625) (layer F.Fab) (width 0.1))
    (fp_line (start -1 -0.625) (end 1 -0.625) (layer F.Fab) (width 0.1))
    (fp_line (start -1 0.625) (end -1 -0.625) (layer F.Fab) (width 0.1))
    (fp_text user %R (at 0 0) (layer F.Fab)
      (effects (font (size 0.5 0.5) (thickness 0.08)))
    )
    (pad 2 smd roundrect (at 0.95 0) (size 1 1.45) (layers F.Cu F.Paste F.Mask) (roundrect_rratio 0.25)
      (net 1 GNDREF))
    (pad 1 smd roundrect (at -0.95 0) (size 1 1.45) (layers F.Cu F.Paste F.Mask) (roundrect_rratio 0.25)
      (net 108 VDD))
    (model ${KISYS3DMOD}/Capacitor_SMD.3dshapes/C_0805_2012Metric.wrl
      (at (xyz 0 0 0))
      (scale (xyz 1 1 1))
      (rotate (xyz 0 0 0))
    )
  )

  (module Capacitor_SMD:C_0805_2012Metric (layer F.Cu) (tedit 5F68FEEE) (tstamp 616D2A5A)
    (at 144.3 96.2)
    (descr "Capacitor SMD 0805 (2012 Metric), square (rectangular) end terminal, IPC_7351 nominal, (Body size source: IPC-SM-782 page 76, https://www.pcb-3d.com/wordpress/wp-content/uploads/ipc-sm-782a_amendment_1_and_2.pdf, https://docs.google.com/spreadsheets/d/1BsfQQcO9C6DZCsRaXUlFlo91Tg2WpOkGARC1WS5S8t0/edit?usp=sharing), generated with kicad-footprint-generator")
    (tags capacitor)
    (path /614A0A13)
    (attr smd)
    (fp_text reference C10 (at 0 -1.68) (layer F.SilkS)
      (effects (font (size 1 1) (thickness 0.15)))
    )
    (fp_text value 100nF (at 0 1.68) (layer F.Fab)
      (effects (font (size 1 1) (thickness 0.15)))
    )
    (fp_line (start -1 0.625) (end -1 -0.625) (layer F.Fab) (width 0.1))
    (fp_line (start -1 -0.625) (end 1 -0.625) (layer F.Fab) (width 0.1))
    (fp_line (start 1 -0.625) (end 1 0.625) (layer F.Fab) (width 0.1))
    (fp_line (start 1 0.625) (end -1 0.625) (layer F.Fab) (width 0.1))
    (fp_line (start -0.261252 -0.735) (end 0.261252 -0.735) (layer F.SilkS) (width 0.12))
